000|000|000
000|000|000
000|000|000
--- --- ---
000|000|000
000|000|000
000|000|000
--- --- ---
000|000|000
000|000|000
000|000|000

000000000
000000000
000000000
000000000
000000000
000000000
000000000
000000000
000000000

muy facil

000007040
086450700
370800152
807190230
509082670
003746500
052900008
700600305
430028060

"000007040\r\n086450700\r\n370800152\r\n807190230\r\n509082670\r\n003746500\r\n052900008\r\n700600305\r\n430028060"

080301004
530674800
006080700
190832400
003067095
067000300
008013040
300506900
674098031

600002701
020700030
509180640
080640050
400508009
095000406
007905300
903060520
001300008

002801000
070020690
800009521
301946780
086037914
097085003
600003800
043508109
008090350

facil

Easy Puzzle 6,728,669,871
701002600
200000795
050004201
045013000
900408003
000270460
409800010
173000008
002300906

"701002600\r\n200000795\r\n050004201\r\n045013000\r\n900408003\r\n000270460\r\n409800010\r\n173000008\r\n002300906"

005000097
300008562
620459038
050203870
080600000
076080320
500000740
034072005
000060203


no tanto

308000200
050900040
470250306
502090604
000026030
963004802
030780000
000002063
104009507

004000100
008000002
009300605
000200090
080004207
452809306
097000500
040560903
630100040

200406500
003108700
600009438
500040300
000371000
008090004
931200007
004307200
002905003

"200406500\r\n003108700\r\n600009438\r\n500040300\r\n000371000\r\n008090004\r\n931200007\r\n004307200\r\n002905003"

096140700
314080000
000093080
003700000
127804359
000009600
080470000
000010426
009025870

709364000
654000013
000001004
207400001
000196000
100007309
400200000
820000547
000745108




beispiel vortrag

030000000
000195000
008000060
800060000
400800001
000020000
060000280
000419005
000000070

"030000000\r\n000195000\r\n008000060\r\n800060000\r\n400800001\r\n000020000\r\n060000280\r\n000419005\r\n000000070"